minDataValueU: -0.8973235906436031 #do we trust this?
maxDataValueU: 1.0859991093945718
minDataValueV: -0.6647028130174489
maxDataValueV: 0.5259408400292674
testSeed: 0
